1,0,942,541
1,1,923,528
1,2,898,507
1,3,796,422
1,4,775,410
1,5,756,396
1,6,703,320
1,7,689,301
1,8,621,325
1,9,621,353
1,10,619,440
1,11,619,468
1,12,645,534
1,13,621,544
1,14,602,558
1,15,466,542
1,16,475,518
1,17,485,494
1,18,546,412
1,19,528,385
1,20,577,313
1,21,587,291
1,22,528,284
1,23,510,301
1,24,446,367
1,25,451,398
1,26,382,436
1,27,292,511
1,28,276,530
1,29,181,456
1,30,203,438
1,31,225,427
1,32,317,383
1,33,308,357
1,34,387,324
1,35,401,305
1,36,515,239
1,37,496,190
1,38,397,190
1,39,368,200
1,40,312,284
2,47,672,367
2,48,664,394
2,49,741,481
2,50,770,494